[1, 1.000],
[2, 0.899],
[3, 0.920],
[4, 0.179],
[5, 0.920],
[6, 0.846],
[7, 0.859],
[8, 0.314],
[9, 0.860],
[10, 0.805],
[11, 0.816],
[12, 0.415],
[13, 0.816],
[14, 0.777],
[15, 0.784],
[16, 0.485],
[17, 0.786],
[18, 0.755],
[19, 0.762],
[20, 0.539],
[21, 0.759],
[22, 0.737],
[23, 0.743],
[24, 0.577],
[25, 0.744],
[26, 0.727],
[27, 0.731],
[28, 0.609],
[29, 0.730],
[30, 0.718],
[31, 0.721],
[32, 0.632],
[33, 0.721],
[34, 0.712],
[35, 0.711],
[36, 0.647],
[37, 0.712],
[38, 0.705],
[39, 0.709],
[40, 0.660],
[41, 0.709],
[42, 0.702],
[43, 0.701],
[44, 0.667],
[45, 0.701],
[46, 0.702],
[47, 0.702],
[48, 0.677],
[49, 0.701],
[50, 0.699],
[51, 0.699],
[52, 0.679],
[53, 0.700],
[54, 0.696],
[55, 0.698],
[56, 0.681],
[57, 0.696],
[58, 0.694],
[59, 0.693],
[60, 0.686],
[61, 0.693],
[62, 0.695],
[63, 0.696],
[64, 0.688],
[65, 0.694],
[66, 0.694],
[67, 0.692],
[68, 0.687],
[69, 0.692],
[70, 0.692],
[71, 0.697],
[72, 0.689],
[73, 0.696],
[74, 0.695],
[75, 0.695],
[76, 0.689],
[77, 0.694],
[78, 0.692],
[79, 0.692],
[80, 0.692],
[81, 0.693],
[82, 0.693],
[83, 0.694],
[84, 0.691],
[85, 0.693],
[86, 0.691],
[87, 0.694],
[88, 0.694],
[89, 0.697],
[90, 0.691],
[91, 0.694],
[92, 0.694],
[93, 0.693],
[94, 0.695],
[95, 0.692],
[96, 0.693],
[97, 0.690],
[98, 0.692],
[99, 0.696],
[100, 0.693],
[101, 0.693],
[102, 0.695],
[103, 0.694],
[104, 0.691],
[105, 0.692],
[106, 0.692],
[107, 0.692],
[108, 0.692],
[109, 0.696],
[110, 0.694],
[111, 0.691],
[112, 0.692],
[113, 0.690],
[114, 0.691],
[115, 0.692],
[116, 0.691],
[117, 0.694],
[118, 0.693],
[119, 0.691],
[120, 0.689],
[121, 0.691],
[122, 0.691],
[123, 0.693],
[124, 0.692],
[125, 0.694],
[126, 0.694],
[127, 0.691],
[128, 0.692],
[129, 0.691],
[130, 0.693],
[131, 0.690],
[132, 0.692],
[133, 0.689],
[134, 0.694],
[135, 0.692],
[136, 0.691],
[137, 0.695],
[138, 0.691],
[139, 0.693],
[140, 0.691],
[141, 0.692],
[142, 0.693],
[143, 0.692],
[144, 0.693],
[145, 0.690],
[146, 0.692],
[147, 0.693],
[148, 0.691],
[149, 0.692],
[150, 0.692],
[151, 0.694],
[152, 0.692],
[153, 0.693],
[154, 0.693],
[155, 0.692],
[156, 0.693],
[157, 0.693],
[158, 0.695],
[159, 0.691],
[160, 0.692],
[161, 0.690],
[162, 0.691],
[163, 0.690],
[164, 0.693],
[165, 0.694],
[166, 0.695],
[167, 0.692],
[168, 0.693],
[169, 0.694],
[170, 0.692],
[171, 0.693],
[172, 0.692],
[173, 0.692],
[174, 0.694],
[175, 0.692],
[176, 0.689],
[177, 0.693],
[178, 0.693],
[179, 0.694],
[180, 0.693],
[181, 0.691],
[182, 0.694],
[183, 0.691],
[184, 0.691],
[185, 0.691],
[186, 0.692],
[187, 0.692],
[188, 0.692],
[189, 0.693],
[190, 0.693],
[191, 0.694],
[192, 0.693],
[193, 0.692],
[194, 0.693],
[195, 0.693],
[196, 0.694],
[197, 0.691],
[198, 0.694],
[199, 0.695],
[200, 0.690],
[201, 0.691],
[202, 0.693],
[203, 0.692],
[204, 0.692],
[205, 0.692],
[206, 0.695],
[207, 0.691],
[208, 0.692],
[209, 0.694],
[210, 0.695],
[211, 0.691],
[212, 0.693],
[213, 0.691],
[214, 0.691],
[215, 0.696],
[216, 0.692],
[217, 0.692],
[218, 0.691],
[219, 0.692],
[220, 0.693],
[221, 0.693],
[222, 0.694],
[223, 0.693],
[224, 0.695],
[225, 0.695],
[226, 0.691],
[227, 0.694],
[228, 0.693],
[229, 0.693],
[230, 0.693],
[231, 0.691],
[232, 0.689],
[233, 0.693],
[234, 0.691],
[235, 0.693],
[236, 0.692],
[237, 0.696],
[238, 0.691],
[239, 0.691],
[240, 0.695],
[241, 0.692],
[242, 0.691],
[243, 0.692],
[244, 0.693],
[245, 0.692],
[246, 0.694],
[247, 0.691],
[248, 0.691],
[249, 0.693],
[250, 0.692],
[251, 0.694],
[252, 0.690],
[253, 0.694],
[254, 0.693],
[255, 0.691],
[256, 0.688],
[257, 0.695],
[258, 0.692],
[259, 0.693],
[260, 0.695],
[261, 0.693],
[262, 0.692],
[263, 0.692],
[264, 0.695],
[265, 0.693],
[266, 0.693],
[267, 0.694],
[268, 0.691],
[269, 0.693],
[270, 0.690],
[271, 0.690],
[272, 0.695],
[273, 0.694],
[274, 0.692],
[275, 0.694],
[276, 0.691],
[277, 0.694],
[278, 0.692],
[279, 0.692],
[280, 0.694],
[281, 0.691],
[282, 0.696],
[283, 0.694],
[284, 0.693],
[285, 0.694],
[286, 0.689],
[287, 0.692],
[288, 0.691],
[289, 0.691],
[290, 0.692],
[291, 0.691],
[292, 0.692],
[293, 0.694],
[294, 0.691],
[295, 0.692],
[296, 0.693],
[297, 0.692],
[298, 0.693],
[299, 0.692],
[300, 0.693],
[301, 0.689],
[302, 0.691],
[303, 0.693],
[304, 0.689],
[305, 0.694],
[306, 0.690],
[307, 0.693],
[308, 0.692],
[309, 0.693],
[310, 0.691],
[311, 0.690],
[312, 0.692],
[313, 0.692],
[314, 0.691],
[315, 0.690],
[316, 0.697],
[317, 0.692],
[318, 0.692],
[319, 0.696],
[320, 0.692],
[321, 0.691],
[322, 0.692],
[323, 0.691],
[324, 0.691],
[325, 0.689],
[326, 0.693],
[327, 0.692],
[328, 0.693],
[329, 0.692],
[330, 0.694],
[331, 0.694],
[332, 0.691],
[333, 0.691],
[334, 0.694],
[335, 0.695],
[336, 0.695],
[337, 0.690],
[338, 0.691],
[339, 0.692],
[340, 0.692],
[341, 0.692],
[342, 0.695],
[343, 0.693],
[344, 0.692],
[345, 0.692],
[346, 0.692],
[347, 0.690],
[348, 0.695],
[349, 0.693],
[350, 0.691],
[351, 0.691],
[352, 0.691],
[353, 0.693],
[354, 0.690],
[355, 0.692],
[356, 0.695],
[357, 0.693],
[358, 0.691],
[359, 0.692],
[360, 0.695],
[361, 0.692],
[362, 0.691],
[363, 0.693],
[364, 0.692],
[365, 0.695],
[366, 0.692],
[367, 0.691],
[368, 0.693],
[369, 0.693],
[370, 0.690],
[371, 0.692],
[372, 0.694],
[373, 0.694],
[374, 0.694],
[375, 0.693],
[376, 0.694],
[377, 0.692],
[378, 0.690],
[379, 0.692],
[380, 0.693],
[381, 0.693],
[382, 0.693],
[383, 0.692],
[384, 0.694],
[385, 0.692],
[386, 0.693],
[387, 0.693],
[388, 0.693],
[389, 0.694],
[390, 0.695],
[391, 0.694],
[392, 0.691],
[393, 0.696],
[394, 0.689],
[395, 0.694],
[396, 0.692],
[397, 0.694],
[398, 0.693],
[399, 0.693],
[400, 0.695],
[401, 0.693],
[402, 0.691],
[403, 0.692],
[404, 0.691],
[405, 0.692],
[406, 0.691],
[407, 0.693],
[408, 0.690],
[409, 0.693],
[410, 0.689],
[411, 0.693],
[412, 0.692],
[413, 0.695],
[414, 0.693],
[415, 0.692],
[416, 0.693],
[417, 0.692],
[418, 0.691],
[419, 0.690],
[420, 0.695],
[421, 0.696],
[422, 0.692],
[423, 0.692],
[424, 0.693],
[425, 0.691],
[426, 0.692],
[427, 0.696],
[428, 0.692],
[429, 0.690],
[430, 0.695],
[431, 0.692],
[432, 0.694],
[433, 0.690],
[434, 0.691],
[435, 0.689],
[436, 0.692],
[437, 0.691],
[438, 0.690],
[439, 0.693],
[440, 0.691],
[441, 0.692],
[442, 0.692],
[443, 0.692],
[444, 0.693],
[445, 0.692],
[446, 0.694],
[447, 0.694],
[448, 0.693],
[449, 0.693],
[450, 0.691],
[451, 0.693],
[452, 0.692],
[453, 0.692],
[454, 0.690],
[455, 0.692],
[456, 0.693],
[457, 0.695],
[458, 0.693],
[459, 0.691],
[460, 0.693],
[461, 0.692],
[462, 0.691],
[463, 0.690],
[464, 0.694],
[465, 0.691],
[466, 0.693],
[467, 0.692],
[468, 0.691],
[469, 0.695],
[470, 0.692],
[471, 0.692],
[472, 0.693],
[473, 0.691],
[474, 0.691],
[475, 0.691],
[476, 0.694],
[477, 0.695],
[478, 0.694],
[479, 0.692],
[480, 0.694],
[481, 0.691],
[482, 0.694],
[483, 0.694],
[484, 0.697],
[485, 0.693],
[486, 0.695],
[487, 0.690],
[488, 0.692],
[489, 0.692],
[490, 0.691],
[491, 0.694],
[492, 0.690],
[493, 0.690],
[494, 0.691],
[495, 0.691],
[496, 0.691],
[497, 0.689],
[498, 0.694],
[499, 0.693],
[500, 0.692],
[501, 0.693],
[502, 0.691],
[503, 0.692],
[504, 0.691],
[505, 0.693],
[506, 0.692],
[507, 0.693],
[508, 0.692],
[509, 0.693],
[510, 0.691],
[511, 0.695],
[512, 0.692],
[513, 0.692],
[514, 0.690],
[515, 0.693],
[516, 0.693],
[517, 0.692],
[518, 0.692],
[519, 0.694],
[520, 0.691],
[521, 0.692],
[522, 0.690],
[523, 0.693],
[524, 0.691],
[525, 0.694],
[526, 0.694],
[527, 0.692],
[528, 0.694],
[529, 0.691],
[530, 0.694],
[531, 0.692],
[532, 0.693],
[533, 0.692],
[534, 0.691],
[535, 0.692],
[536, 0.692],
[537, 0.692],
[538, 0.689],
[539, 0.691],
[540, 0.693],
[541, 0.693],
[542, 0.694],
[543, 0.693],
[544, 0.692],
[545, 0.692],
[546, 0.693],
[547, 0.693],
[548, 0.693],
[549, 0.694],
[550, 0.694],
[551, 0.691],
[552, 0.692],
[553, 0.694],
[554, 0.694],
[555, 0.691],
[556, 0.695],
[557, 0.692],
[558, 0.693],
[559, 0.692],
[560, 0.691],
[561, 0.692],
[562, 0.693],
[563, 0.690],
[564, 0.691],
[565, 0.692],
[566, 0.690],
[567, 0.691],
[568, 0.692],
[569, 0.691],
[570, 0.693],
[571, 0.692],
[572, 0.693],
[573, 0.691],
[574, 0.690],
[575, 0.694],
[576, 0.693],
[577, 0.692],
[578, 0.695],
[579, 0.691],
[580, 0.690],
[581, 0.692],
[582, 0.691],
[583, 0.692],
[584, 0.693],
[585, 0.694],
[586, 0.692],
[587, 0.692],
[588, 0.691],
[589, 0.692],
[590, 0.689],
[591, 0.693],
[592, 0.691],
[593, 0.692],
[594, 0.691],
[595, 0.694],
[596, 0.692],
[597, 0.689],
[598, 0.693],
[599, 0.692],
[600, 0.692],
[601, 0.691],
[602, 0.692],
[603, 0.693],
[604, 0.695],
[605, 0.693],
[606, 0.691],
[607, 0.692],
[608, 0.694],
[609, 0.693],
[610, 0.691],
[611, 0.692],
[612, 0.690],
[613, 0.693],
[614, 0.693],
[615, 0.689],
[616, 0.696],
[617, 0.693],
[618, 0.692],
[619, 0.691],
[620, 0.690],
[621, 0.695],
[622, 0.692],
[623, 0.693],
[624, 0.690],
[625, 0.693],
[626, 0.693],
[627, 0.695],
[628, 0.694],
[629, 0.694],
[630, 0.691],
[631, 0.693],
[632, 0.691],
[633, 0.692],
[634, 0.693],
[635, 0.693],
[636, 0.691],
[637, 0.691],
[638, 0.694],
[639, 0.690],
[640, 0.693],
[641, 0.692],
[642, 0.693],
[643, 0.694],
[644, 0.693],
[645, 0.694],
[646, 0.693],
[647, 0.692],
[648, 0.692],
[649, 0.691],
[650, 0.690],
[651, 0.690],
[652, 0.694],
[653, 0.690],
[654, 0.694],
[655, 0.694],
[656, 0.692],
[657, 0.692],
[658, 0.692],
[659, 0.694],
[660, 0.690],
[661, 0.692],
[662, 0.694],
[663, 0.692],
[664, 0.690],
[665, 0.690],
[666, 0.694],
[667, 0.694],
[668, 0.692],
[669, 0.693],
[670, 0.693],
[671, 0.695],
[672, 0.693],
[673, 0.693],
[674, 0.691],
[675, 0.692],
[676, 0.693],
[677, 0.693],
[678, 0.694],
[679, 0.694],
[680, 0.692],
[681, 0.693],
[682, 0.691],
[683, 0.693],
[684, 0.691],
[685, 0.694],
[686, 0.695],
[687, 0.691],
[688, 0.690],
[689, 0.690],
[690, 0.693],
[691, 0.692],
[692, 0.693],
[693, 0.694],
[694, 0.693],
[695, 0.693],
[696, 0.692],
[697, 0.693],
[698, 0.693],
[699, 0.690],
[700, 0.694],
[701, 0.691],
[702, 0.696],
[703, 0.694],
[704, 0.691],
[705, 0.689],
[706, 0.692],
[707, 0.691],
[708, 0.691],
[709, 0.692],
[710, 0.691],
[711, 0.694],
[712, 0.693],
[713, 0.693],
[714, 0.691],
[715, 0.693],
[716, 0.694],
[717, 0.692],
[718, 0.692],
[719, 0.695],
[720, 0.693],
[721, 0.692],
[722, 0.693],
[723, 0.691],
[724, 0.692],
[725, 0.693],
[726, 0.693],
[727, 0.694],
[728, 0.692],
[729, 0.692],
[730, 0.691],
[731, 0.693],
[732, 0.694],
[733, 0.691],
[734, 0.695],
[735, 0.692],
[736, 0.694],
[737, 0.693],
[738, 0.691],
[739, 0.691],
[740, 0.692],
[741, 0.693],
[742, 0.693],
[743, 0.694],
[744, 0.690],
[745, 0.693],
[746, 0.693],
[747, 0.691],
[748, 0.693],
[749, 0.695],
[750, 0.690],
[751, 0.694],
[752, 0.695],
[753, 0.694],
[754, 0.692],
[755, 0.689],
[756, 0.692],
[757, 0.692],
[758, 0.693],
[759, 0.691],
[760, 0.693],
[761, 0.694],
[762, 0.692],
[763, 0.691],
[764, 0.694],
[765, 0.690],
[766, 0.691],
[767, 0.694],
[768, 0.693],
[769, 0.695],
[770, 0.690],
[771, 0.691],
[772, 0.691],
[773, 0.693],
[774, 0.692],
[775, 0.693],
[776, 0.694],
[777, 0.693],
[778, 0.694],
[779, 0.694],
[780, 0.691],
[781, 0.691],
[782, 0.691],
[783, 0.694],
[784, 0.694],
[785, 0.694],
[786, 0.693],
[787, 0.691],
[788, 0.691],
[789, 0.695],
[790, 0.694],
[791, 0.692],
[792, 0.692],
[793, 0.692],
[794, 0.694],
[795, 0.693],
[796, 0.692],
[797, 0.691],
[798, 0.692],
[799, 0.692],
[800, 0.692],
[801, 0.692],
[802, 0.695],
[803, 0.690],
[804, 0.692],
[805, 0.692],
[806, 0.691],
[807, 0.693],
[808, 0.692],
[809, 0.689],
[810, 0.692],
[811, 0.692],
[812, 0.694],
[813, 0.692],
[814, 0.691],
[815, 0.692],
[816, 0.690],
[817, 0.694],
[818, 0.693],
[819, 0.695],
[820, 0.691],
[821, 0.690],
[822, 0.692],
[823, 0.692],
[824, 0.693],
[825, 0.694],
[826, 0.694],
[827, 0.692],
[828, 0.695],
[829, 0.694],
[830, 0.693],
[831, 0.692],
[832, 0.691],
[833, 0.694],
[834, 0.692],
[835, 0.691],
[836, 0.692],
[837, 0.694],
[838, 0.693],
[839, 0.693],
[840, 0.695],
[841, 0.694],
[842, 0.692],
[843, 0.693],
[844, 0.695],
[845, 0.692],
[846, 0.692],
[847, 0.695],
[848, 0.694],
[849, 0.695],
[850, 0.692],
[851, 0.694],
[852, 0.693],
[853, 0.693],
[854, 0.693],
[855, 0.694],
[856, 0.692],
[857, 0.695],
[858, 0.692],
[859, 0.691],
[860, 0.692],
[861, 0.692],
[862, 0.691],
[863, 0.689],
[864, 0.693],
[865, 0.694],
[866, 0.694],
[867, 0.690],
[868, 0.692],
[869, 0.691],
[870, 0.692],
[871, 0.692],
[872, 0.692],
[873, 0.693],
[874, 0.692],
[875, 0.693],
[876, 0.694],
[877, 0.692],
[878, 0.693],
[879, 0.693],
[880, 0.691],
[881, 0.695],
[882, 0.692],
[883, 0.690],
[884, 0.695],
[885, 0.690],
[886, 0.692],
[887, 0.697],
[888, 0.693],
[889, 0.691],
[890, 0.694],
[891, 0.692],
[892, 0.690],
[893, 0.695],
[894, 0.692],
[895, 0.693],
[896, 0.691],
[897, 0.693],
[898, 0.691],
[899, 0.692],
[900, 0.689],
[901, 0.691],
[902, 0.693],
[903, 0.692],
[904, 0.695],
[905, 0.692],
[906, 0.694],
[907, 0.693],
[908, 0.694],
[909, 0.691],
[910, 0.693],
[911, 0.691],
[912, 0.694],
[913, 0.690],
[914, 0.689],
[915, 0.692],
[916, 0.691],
[917, 0.692],
[918, 0.693],
[919, 0.695],
[920, 0.693],
[921, 0.693],
[922, 0.691],
[923, 0.691],
[924, 0.694],
[925, 0.691],
[926, 0.692],
[927, 0.693],
[928, 0.693],
[929, 0.692],
[930, 0.691],
[931, 0.692],
[932, 0.692],
[933, 0.695],
[934, 0.692],
[935, 0.693],
[936, 0.692],
[937, 0.693],
[938, 0.691],
[939, 0.690],
[940, 0.694],
[941, 0.692],
[942, 0.694],
[943, 0.694],
[944, 0.693],
[945, 0.693],
[946, 0.694],
[947, 0.690],
[948, 0.692],
[949, 0.693],
[950, 0.694],
[951, 0.692],
[952, 0.692],
[953, 0.695],
[954, 0.690],
[955, 0.694],
[956, 0.693],
[957, 0.695],
[958, 0.693],
[959, 0.691],
[960, 0.695],
[961, 0.693],
[962, 0.692],
[963, 0.692],
[964, 0.694],
[965, 0.689],
[966, 0.692],
[967, 0.694],
[968, 0.692],
[969, 0.692],
[970, 0.692],
[971, 0.691],
[972, 0.692],
[973, 0.692],
[974, 0.691],
[975, 0.692],
[976, 0.695],
[977, 0.692],
[978, 0.691],
[979, 0.692],
[980, 0.692],
[981, 0.693],
[982, 0.694],
[983, 0.694],
[984, 0.692],
[985, 0.690],
[986, 0.693],
[987, 0.693],
[988, 0.693],
[989, 0.692],
[990, 0.691],
[991, 0.692],
[992, 0.693],
[993, 0.692],
[994, 0.695],
[995, 0.690],
[996, 0.693],
[997, 0.692],
[998, 0.691],
[999, 0.693],
[1000, 0.692],
